
1. 启动小车（带路径）
      目标     命令数据                     校验  来源
FD 13 00 06 0F 01 00 03 02 00 00 00 00 00 00 00 00 00 00
                     路线        
fd 13 00 06 0f 01 00 02 01 00 00 00 00 00 00 00 00 00 00 
                        方向  
2. 上货/停止上货
FD 13 00 06 0F fa 00 00 00 00 00 00 00 00 00 00 00 00 00

FD 13 00 06 0F fc 00 00 00 00 00 00 00 00 00 00 00 00 00

3. 复位
FD 13 00 06 0F 03 00 00 00 00 00 00 00 00 00 00 00 00 00

4. 停止小车
FD 13 00 06 0F 02 00 00 00 00 00 00 00 00 00 00 00 00 00

4. 启动小车
FD 13 00 06 0F 01 00 00 00 00 00 00 00 00 00 00 00 00 00

6. 获取小车信息
FD 13 00 06 0F 30 00 00 00 00 00 00 00 00 00 00 00 00 00